[transf_element]
element0=1.399644
element1=-3.607047
element2=139.080295
element3=2.648787
element4=-7.581020
element5=395.912113
element6=0.007683
element7=-0.021383
element8=1.000000
